0 0.844996 0.141917 0.0602116 0.0309013 
0 0.269935 0.752647 0.039463 0.01402 
0 0.844792 0.881259 0.0134255 0.0143062 
0 0.726607 0.881259 0.0130187 0.0143062 
0 0.741456 0.924177 0.0134255 0.0125894 
0 0.133035 0.725036 0.00976404 0.00801144 
0 0.339707 0.350072 0.0325468 0.016309 
0 0.594386 0.906295 0.0130187 0.0123033 
0 0.179821 0.725036 0.0707893 0.0148784 
0 0.194874 0.881259 0.121237 0.0143062 
0 0.459723 0.925036 0.0130187 0.0125894 
0 0.146664 0.350215 0.0117982 0.00915594 
0 0.287429 0.202146 0.0532954 0.018598 
0 0.906021 0.942203 0.0211554 0.0188841 
0 0.225387 0.753505 0.0309194 0.011731 
0 0.350692 0.880544 0.103336 0.0157368 
0 0.482506 0.257082 0.0512612 0.0191702 
0 0.0817738 0.308298 0.0252238 0.0168813 
0 0.245932 0.765951 0.051668 0.0131617 
0 0.216029 0.202289 0.0756713 0.0194564 
0 0.792107 0.92432 0.0707893 0.01402 
0 0.539463 0.256795 0.0520749 0.0191702 
0 0.550041 0.925036 0.164361 0.0125894 
0 0.554923 0.766381 0.0602116 0.0134478 
0 0.285191 0.924893 0.0366151 0.01402 
0 0.0842148 0.906295 0.0203417 0.0123033 
0 0.38751 0.111731 0.0622457 0.0145923 
0 0.0954028 0.846781 0.0427177 0.01402 
0 0.407242 0.350072 0.0309194 0.0157368 
0 0.344996 0.76681 0.0846216 0.0143062 
0 0.223352 0.284835 0.0431245 0.0157368 
0 0.600488 0.111874 0.0821806 0.0148784 
0 0.0927583 0.924893 0.0341741 0.01402 
0 0.503865 0.881259 0.0353946 0.0143062 
0 0.295159 0.350072 0.0451587 0.0174535 
0 0.0921481 0.881259 0.0353946 0.0143062 
0 0.141782 0.766381 0.0996745 0.0134478 
0 0.0970301 0.724893 0.051668 0.01402 
0 0.135069 0.906295 0.0634662 0.01402 
0 0.526037 0.112017 0.0545159 0.0145923 
0 0.562856 0.285122 0.044345 0.0168813 
0 0.34764 0.673391 0.0378356 0.0266094 
0 0.909886 0.285694 0.041904 0.0168813 
0 0.849471 0.285551 0.0642799 0.0165951 
0 0.653784 0.285122 0.125305 0.0168813 
0 0.282343 0.906295 0.0512612 0.01402 
0 0.224573 0.906295 0.0528885 0.01402 
0 0.550041 0.674249 0.0358015 0.0271817 
0 0.343369 0.906295 0.0618389 0.01402 
0 0.652156 0.67382 0.0398698 0.0274678 
0 0.347437 0.285122 0.0431245 0.0168813 
0 0.500203 0.156366 0.172905 0.0391989 
0 0.448739 0.674249 0.0382425 0.0283262 
0 0.16131 0.285265 0.0655004 0.0171674 
0 0.76729 0.285122 0.0854353 0.0168813 
0 0.365338 0.257225 0.164361 0.0188841 
0 0.0994711 0.257225 0.051668 0.0200286 
0 0.141375 0.308441 0.0825875 0.0177396 
0 0.102116 0.350215 0.0626526 0.0177396 
0 0.285801 0.285408 0.0663141 0.016309 
0 0.459113 0.112017 0.0711961 0.0145923 
0 0.110659 0.224034 0.0732303 0.0188841 
0 0.50061 0.285551 0.0614321 0.0165951 
0 0.370627 0.925036 0.108218 0.0125894 
0 0.16965 0.92432 0.108218 0.01402 
0 0.418836 0.285551 0.0842148 0.0165951 
0 0.235557 0.308298 0.0927583 0.0180258 
0 0.111473 0.202432 0.0716029 0.0191702 
0 0.221928 0.256938 0.0980472 0.0194564 
0 0.211554 0.350215 0.105777 0.0177396 
